MsgID.GLOBAL_POSITION,1520230589.2449841,-121.9939338,37.4137461,0.1920000
MsgID.LOCAL_VELOCITY,1520230589.2449841,0.0000000,0.0000000,0.0000000
MsgID.LOCAL_POSITION,1520230589.2513449,0.0336826,0.0717376,-0.1920281
MsgID.LOCAL_VELOCITY,1520230589.2513449,0.0000000,0.0000000,-0.0000000
MsgID.GLOBAL_POSITION,1520230589.2515190,-121.9939365,37.4137462,0.1740000
MsgID.LOCAL_VELOCITY,1520230589.2515190,0.0000000,0.0000000,0.0000000
MsgID.LOCAL_POSITION,1520230589.2516720,0.0335791,-0.1764493,-0.1716044
MsgID.LOCAL_VELOCITY,1520230589.2516720,0.0000000,0.0000000,-0.0000000
MsgID.STATE,1520230589.2572720,False,False
MsgID.GLOBAL_HOME,1520230589.2913620,-121.9939346,37.4137458,0.0000000
MsgID.GLOBAL_POSITION,1520230589.2972028,-121.9939346,37.4137453,0.1550000
MsgID.LOCAL_VELOCITY,1520230589.2972028,0.0000000,0.0000000,0.0000000
MsgID.LOCAL_POSITION,1520230589.2973709,-0.0553621,0.0027370,-0.1551914
MsgID.LOCAL_VELOCITY,1520230589.2973709,0.0000000,0.0000000,-0.0000000
MsgID.GLOBAL_POSITION,1520230589.2974908,-121.9939344,37.4137459,0.1400000
MsgID.LOCAL_VELOCITY,1520230589.2974908,0.0000000,0.0000000,0.0000000
MsgID.LOCAL_POSITION,1520230589.2976050,0.0325961,-0.0214360,-0.1387694
MsgID.LOCAL_VELOCITY,1520230589.2976050,0.0000000,0.0000000,-0.0000000
MsgID.GLOBAL_POSITION,1520230589.2977159,-121.9939368,37.4137470,0.1250000
MsgID.LOCAL_VELOCITY,1520230589.2977159,0.0000000,0.0000000,0.0000000
MsgID.LOCAL_POSITION,1520230589.2978261,0.1250362,-0.1960484,-0.1254115
MsgID.LOCAL_VELOCITY,1520230589.2978261,0.0000000,0.0000000,-0.0000000
MsgID.GLOBAL_POSITION,1520230589.2979469,-121.9939351,37.4137470,0.1120000
MsgID.LOCAL_VELOCITY,1520230589.2979469,0.0000000,0.0000000,0.0000000
MsgID.LOCAL_POSITION,1520230589.2980621,0.1296799,-0.0345676,-0.1103004
MsgID.LOCAL_VELOCITY,1520230589.2980621,0.0000000,0.0000000,-0.0000000
MsgID.STATE,1520230589.3033271,False,False
MsgID.GLOBAL_HOME,1520230589.3150871,-121.9939346,37.4137458,0.0000000
MsgID.GLOBAL_POSITION,1520230589.3204589,-121.9939355,37.4137473,0.0980000
MsgID.LOCAL_VELOCITY,1520230589.3204589,0.0000000,0.0000000,0.0000000
MsgID.LOCAL_POSITION,1520230589.3259399,0.1688083,-0.0812475,-0.0987767
MsgID.LOCAL_VELOCITY,1520230589.3259399,0.0000000,0.0000000,-0.0000000
MsgID.GLOBAL_POSITION,1520230589.3261139,-121.9939361,37.4137484,0.0920000
MsgID.LOCAL_VELOCITY,1520230589.3261139,0.0000000,0.0000000,0.0000000
MsgID.LOCAL_POSITION,1520230589.3319571,0.2811167,-0.1527730,-0.0919398
MsgID.LOCAL_VELOCITY,1520230589.3319571,0.0000000,0.0000000,-0.0000000
MsgID.GLOBAL_POSITION,1520230589.4538231,-121.9939371,37.4137472,0.0950000
MsgID.LOCAL_VELOCITY,1520230589.4538231,0.0000000,0.0000000,0.0000000
MsgID.LOCAL_POSITION,1520230589.4814839,0.1518699,-0.2274443,-0.0953301
MsgID.LOCAL_VELOCITY,1520230589.4814839,-0.0000045,-0.0000007,0.0000069
MsgID.GLOBAL_POSITION,1520230589.7030289,-121.9939355,37.4137465,0.1080000
MsgID.LOCAL_VELOCITY,1520230589.7030289,0.0000000,0.0000000,0.0000000
MsgID.LOCAL_POSITION,1520230589.7255020,0.0816780,-0.0574160,-0.1115259
MsgID.LOCAL_VELOCITY,1520230589.7255020,-0.0000052,0.0000005,0.0000007
MsgID.STATE,1520230589.8777161,True,True
MsgID.GLOBAL_HOME,1520230589.8784490,-121.9939346,37.4137458,0.0000000
MsgID.GLOBAL_POSITION,1520230589.9524941,-121.9939360,37.4137471,0.1560000
MsgID.LOCAL_VELOCITY,1520230589.9524941,0.0000000,0.0000000,-0.6600000
MsgID.LOCAL_POSITION,1520230589.9818799,0.1477760,-0.1330808,-0.1597488
MsgID.LOCAL_VELOCITY,1520230589.9818799,-0.0003472,-0.0002036,-0.7040812
MsgID.GLOBAL_POSITION,1520230590.2043991,-121.9939359,37.4137482,0.5420000
MsgID.LOCAL_VELOCITY,1520230590.2043991,0.0000000,0.0000000,-2.2000000
MsgID.LOCAL_POSITION,1520230590.2376251,0.2737373,-0.0828618,-0.6222660
MsgID.LOCAL_VELOCITY,1520230590.2376251,-0.0025693,0.0066497,-2.3201032
MsgID.GLOBAL_POSITION,1520230590.4644020,-121.9939338,37.4137478,1.2840000
MsgID.LOCAL_VELOCITY,1520230590.4644020,0.0000000,0.0000000,-3.0700000
MsgID.LOCAL_POSITION,1520230590.4764328,0.2160988,0.0730518,-1.2938883
MsgID.LOCAL_VELOCITY,1520230590.4764328,-0.0091687,0.0084967,-3.0817900
MsgID.GLOBAL_POSITION,1520230590.7038562,-121.9939364,37.4137466,2.0700000
MsgID.LOCAL_VELOCITY,1520230590.7038562,-0.0100000,-0.0100000,-3.4400000
MsgID.LOCAL_POSITION,1520230590.7314320,0.0870072,-0.1841793,-2.1877069
MsgID.LOCAL_VELOCITY,1520230590.7314320,-0.0132692,-0.0144712,-3.4810205
MsgID.STATE,1520230590.8735139,True,True
MsgID.GLOBAL_HOME,1520230590.8737061,-121.9939346,37.4137458,0.0000000
MsgID.GLOBAL_POSITION,1520230590.9586570,-121.9939358,37.4137469,2.9900000
MsgID.LOCAL_VELOCITY,1520230590.9586570,0.0000000,0.0000000,-2.9700000
MsgID.LOCAL_POSITION,1520230590.9860890,0.1216925,-0.1043960,-2.9981616
MsgID.LOCAL_VELOCITY,1520230590.9860890,0.0009690,-0.0077586,-2.9475689
MsgID.GLOBAL_POSITION,1520230591.2151759,-121.9939348,37.4137469,3.3880000
MsgID.LOCAL_VELOCITY,1520230591.2151759,0.0100000,0.0000000,-0.5700000
MsgID.LOCAL_POSITION,1520230591.2265069,0.1245447,-0.0238988,-3.4004571
MsgID.LOCAL_VELOCITY,1520230591.2265069,0.0259310,-0.0067136,-0.2897162
MsgID.GLOBAL_POSITION,1520230591.4598191,-121.9939359,37.4137474,3.2750000
MsgID.LOCAL_VELOCITY,1520230591.4598191,0.4800000,0.0000000,1.0200000
MsgID.LOCAL_POSITION,1520230591.4815350,0.1749331,-0.1217393,-3.2704470
MsgID.LOCAL_VELOCITY,1520230591.4815350,0.4965322,-0.0034389,1.0370406
MsgID.GLOBAL_POSITION,1520230591.7092180,-121.9939354,37.4137494,2.9590000
MsgID.LOCAL_VELOCITY,1520230591.7092180,1.5300000,0.0000000,1.1800000
MsgID.LOCAL_POSITION,1520230591.7254610,0.4511217,-0.0675778,-2.9168460
MsgID.LOCAL_VELOCITY,1520230591.7254610,1.7563751,0.0117828,1.0507576
MsgID.STATE,1520230591.8723531,True,True
MsgID.GLOBAL_HOME,1520230591.8784211,-121.9939346,37.4137458,0.0000000
MsgID.GLOBAL_POSITION,1520230591.9542370,-121.9939362,37.4137550,2.7610000
MsgID.LOCAL_VELOCITY,1520230591.9542370,3.2700000,0.0200000,-0.0300000
MsgID.LOCAL_POSITION,1520230591.9755478,1.0218407,-0.1441531,-2.7614064
MsgID.LOCAL_VELOCITY,1520230591.9755478,3.2824662,0.0256235,-0.0352688
MsgID.GLOBAL_POSITION,1520230592.2092531,-121.9939364,37.4137627,2.8390000
MsgID.LOCAL_VELOCITY,1520230592.2092531,4.4900000,0.0300000,-0.7500000
MsgID.LOCAL_POSITION,1520230592.2264330,2.0205603,-0.1414730,-2.8609214
MsgID.LOCAL_VELOCITY,1520230592.2264330,4.6140366,0.0398311,-0.7780563
MsgID.GLOBAL_POSITION,1520230592.4532080,-121.9939349,37.4137744,2.9900000
MsgID.LOCAL_VELOCITY,1520230592.4532080,5.1800000,0.0500000,-0.4900000
MsgID.LOCAL_POSITION,1520230592.4821939,3.2071548,-0.0251302,-2.9920411
MsgID.LOCAL_VELOCITY,1520230592.4821939,5.1940751,0.0524500,-0.4827287
MsgID.GLOBAL_POSITION,1520230592.7035480,-121.9939347,37.4137851,3.0140000
MsgID.LOCAL_VELOCITY,1520230592.7035480,5.5400000,0.0400000,0.0100000
MsgID.LOCAL_POSITION,1520230592.7243531,4.5367069,-0.0081388,-3.0087042
MsgID.LOCAL_VELOCITY,1520230592.7243531,5.5952668,0.0453756,0.0825322
MsgID.STATE,1520230592.8768890,True,True
MsgID.GLOBAL_HOME,1520230592.8771350,-121.9939346,37.4137458,0.0000000
MsgID.GLOBAL_POSITION,1520230592.9654479,-121.9939342,37.4137987,2.9510000
MsgID.LOCAL_VELOCITY,1520230592.9654479,6.0900000,0.0300000,0.1700000
MsgID.LOCAL_POSITION,1520230592.9871330,5.9009056,0.0342157,-2.9501359
MsgID.LOCAL_VELOCITY,1520230592.9871330,6.1076941,0.0319343,0.1693052
MsgID.GLOBAL_POSITION,1520230593.2095418,-121.9939350,37.4138136,2.9030000
MsgID.LOCAL_VELOCITY,1520230593.2095418,6.6600000,0.0200000,0.0200000
MsgID.LOCAL_POSITION,1520230593.2387719,7.7846460,-0.0622796,-2.9000256
MsgID.LOCAL_VELOCITY,1520230593.2387719,6.7446265,0.0298381,0.0077088
MsgID.GLOBAL_POSITION,1520230593.4532969,-121.9939356,37.4138316,2.9160000
MsgID.LOCAL_VELOCITY,1520230593.4532969,7.3200000,0.0300000,-0.2400000
MsgID.LOCAL_POSITION,1520230593.4817331,9.5546675,-0.0880979,-2.9173222
MsgID.LOCAL_VELOCITY,1520230593.4817331,7.3292484,0.0385393,-0.2465910
MsgID.GLOBAL_POSITION,1520230593.7048581,-121.9939340,37.4138456,2.9590000
MsgID.LOCAL_VELOCITY,1520230593.7048581,7.6900000,0.0500000,-0.1900000
MsgID.LOCAL_POSITION,1520230593.7312820,11.3200207,0.0548807,-2.9656186
MsgID.LOCAL_VELOCITY,1520230593.7312820,7.7421832,0.0515335,-0.1954823
MsgID.STATE,1520230593.8746290,True,True
MsgID.GLOBAL_HOME,1520230593.8751428,-121.9939346,37.4137458,0.0000000
MsgID.GLOBAL_POSITION,1520230593.9553161,-121.9939333,37.4138647,2.9790000
MsgID.LOCAL_VELOCITY,1520230593.9553161,7.9000000,0.0000000,0.0000000
MsgID.LOCAL_POSITION,1520230593.9759161,13.2521696,0.1125295,-2.9794147
MsgID.LOCAL_VELOCITY,1520230593.9759161,7.9039016,0.0073830,0.0009311
MsgID.GLOBAL_POSITION,1520230594.2058580,-121.9939342,37.4138815,2.9740000
MsgID.LOCAL_VELOCITY,1520230594.2058580,7.9800000,-0.0600000,0.0600000
MsgID.LOCAL_POSITION,1520230594.2319412,15.3234873,-0.0000880,-2.9744909
MsgID.LOCAL_VELOCITY,1520230594.2319412,7.9929061,-0.0801430,0.0658165
MsgID.GLOBAL_POSITION,1520230594.4557271,-121.9939362,37.4138995,2.9780000
MsgID.LOCAL_VELOCITY,1520230594.4557271,7.7700000,-0.0700000,0.0500000
MsgID.LOCAL_POSITION,1520230594.4817040,17.1130219,-0.1458088,-2.9783702
MsgID.LOCAL_VELOCITY,1520230594.4817040,7.7630448,-0.0687270,0.0579691
MsgID.GLOBAL_POSITION,1520230594.7106860,-121.9939349,37.4139153,2.9840000
MsgID.LOCAL_VELOCITY,1520230594.7106860,6.4700000,0.0500000,0.1700000
MsgID.LOCAL_POSITION,1520230594.7389288,19.0556870,-0.0125677,-2.9832144
MsgID.LOCAL_VELOCITY,1520230594.7389288,6.2170677,0.0711871,0.2085108
MsgID.STATE,1520230594.8668361,True,True
MsgID.GLOBAL_HOME,1520230594.8727481,-121.9939346,37.4137458,0.0000000
MsgID.GLOBAL_POSITION,1520230594.9561510,-121.9939342,37.4139292,2.9770000
MsgID.LOCAL_VELOCITY,1520230594.9561510,4.2200000,0.1000000,0.1600000
MsgID.LOCAL_POSITION,1520230594.9812748,20.4140854,0.0314010,-2.9779506
MsgID.LOCAL_VELOCITY,1520230594.9812748,4.1604352,0.1071560,0.1737581
MsgID.GLOBAL_POSITION,1520230595.2064269,-121.9939338,37.4139377,2.9190000
MsgID.LOCAL_VELOCITY,1520230595.2064269,3.0300000,0.1600000,0.9200000
MsgID.LOCAL_POSITION,1520230595.2265191,21.4301186,0.0798194,-2.8933914
MsgID.LOCAL_VELOCITY,1520230595.2265191,2.9260991,0.2177797,1.0276664
MsgID.GLOBAL_POSITION,1520230595.4669068,-121.9939324,37.4139442,2.6270000
MsgID.LOCAL_VELOCITY,1520230595.4669068,2.3000000,0.8800000,1.5600000
MsgID.LOCAL_POSITION,1520230595.4772220,22.0520210,0.1937821,-2.6198821
MsgID.LOCAL_VELOCITY,1520230595.4772220,2.2936025,0.9016432,1.5725887
MsgID.GLOBAL_POSITION,1520230595.7058170,-121.9939307,37.4139467,2.2590000
MsgID.LOCAL_VELOCITY,1520230595.7058170,1.7100000,1.7000000,1.8100000
MsgID.LOCAL_POSITION,1520230595.7271481,22.3405113,0.3903117,-2.2036397
MsgID.LOCAL_VELOCITY,1520230595.7271481,1.6231005,1.8078088,1.8447348
MsgID.STATE,1520230595.8728588,True,True
MsgID.GLOBAL_HOME,1520230595.8730581,-121.9939346,37.4137458,0.0000000
MsgID.GLOBAL_POSITION,1520230595.9573419,-121.9939234,37.4139493,1.7790000
MsgID.LOCAL_VELOCITY,1520230595.9573419,1.0200000,2.5000000,1.9700000
MsgID.LOCAL_POSITION,1520230595.9782479,22.6163769,1.0129312,-1.7676293
MsgID.LOCAL_VELOCITY,1520230595.9782479,1.0054770,2.5285823,1.9761474
MsgID.GLOBAL_POSITION,1520230596.2059391,-121.9939154,37.4139527,1.3270000
MsgID.LOCAL_VELOCITY,1520230596.2059391,0.4500000,3.1600000,2.0000000
MsgID.LOCAL_POSITION,1520230596.2266409,23.0125504,1.8106185,-1.2607951
MsgID.LOCAL_VELOCITY,1520230596.2266409,0.3824566,3.2411888,2.0337551
MsgID.GLOBAL_POSITION,1520230596.4555509,-121.9939062,37.4139535,0.7860000
MsgID.LOCAL_VELOCITY,1520230596.4555509,-0.1600000,3.7800000,2.0500000
MsgID.LOCAL_POSITION,1520230596.4815109,23.0677567,2.5737228,-0.7533828
MsgID.LOCAL_VELOCITY,1520230596.4815109,-0.2012582,3.8156784,2.0634739
MsgID.GLOBAL_POSITION,1520230596.7100439,-121.9938969,37.4139525,0.4680000
MsgID.LOCAL_VELOCITY,1520230596.7100439,-0.4000000,3.8500000,0.3500000
MsgID.LOCAL_POSITION,1520230596.7257290,22.9351349,3.4892223,-0.4627147
MsgID.LOCAL_VELOCITY,1520230596.7257290,-0.3560852,3.8335021,0.1107854
MsgID.STATE,1520230596.8728540,True,True
MsgID.GLOBAL_HOME,1520230596.8731871,-121.9939346,37.4137458,0.0000000
MsgID.GLOBAL_POSITION,1520230596.9558289,-121.9938844,37.4139497,0.4780000
MsgID.LOCAL_VELOCITY,1520230596.9558289,-0.8400000,4.0800000,-0.1600000
MsgID.LOCAL_POSITION,1520230596.9764371,22.6440048,4.4912624,-0.4791331
MsgID.LOCAL_VELOCITY,1520230596.9764371,-0.8646061,4.0920029,-0.1616570
MsgID.GLOBAL_POSITION,1520230597.2062221,-121.9938730,37.4139475,0.4970000
MsgID.LOCAL_VELOCITY,1520230597.2062221,-1.3300000,4.4200000,-0.0300000
MsgID.LOCAL_POSITION,1520230597.2279711,22.3697319,5.6486158,-0.4980154
MsgID.LOCAL_VELOCITY,1520230597.2279711,-1.4021777,4.4739556,-0.0148313
MsgID.GLOBAL_POSITION,1520230597.4560142,-121.9938566,37.4139437,0.5000000
MsgID.LOCAL_VELOCITY,1520230597.4560142,-1.8700000,4.7500000,0.0100000
MsgID.LOCAL_POSITION,1520230597.4819021,21.9664688,6.9673672,-0.5006885
MsgID.LOCAL_VELOCITY,1520230597.4819021,-1.8959379,4.7605276,0.0204929
MsgID.GLOBAL_POSITION,1520230597.7168739,-121.9938460,37.4139380,0.4900000
MsgID.LOCAL_VELOCITY,1520230597.7168739,-2.4000000,4.8200000,0.1300000
MsgID.LOCAL_POSITION,1520230597.7274518,21.2744961,7.9947600,-0.4873492
MsgID.LOCAL_VELOCITY,1520230597.7274518,-2.4607892,4.7871733,0.1398692
MsgID.STATE,1520230597.8727748,True,True
MsgID.GLOBAL_HOME,1520230597.8781650,-121.9939346,37.4137458,0.0000000
MsgID.GLOBAL_POSITION,1520230597.9563949,-121.9938328,37.4139333,0.4590000
MsgID.LOCAL_VELOCITY,1520230597.9563949,-2.4100000,4.0700000,0.2000000
MsgID.LOCAL_POSITION,1520230597.9775281,20.8127174,9.0893421,-0.4581147
MsgID.LOCAL_VELOCITY,1520230597.9775281,-2.3984771,4.0334802,0.1940568
MsgID.GLOBAL_POSITION,1520230598.2064891,-121.9938231,37.4139284,0.4950000
MsgID.LOCAL_VELOCITY,1520230598.2064891,-1.8100000,2.6100000,-0.2500000
MsgID.LOCAL_POSITION,1520230598.2266419,20.2014980,9.9932003,-0.5056838
MsgID.LOCAL_VELOCITY,1520230598.2266419,-1.7441291,2.4228463,-0.2196459
MsgID.GLOBAL_POSITION,1520230598.4566090,-121.9938179,37.4139252,0.7600000
MsgID.LOCAL_VELOCITY,1520230598.4566090,-0.7800000,1.3400000,-1.9400000
MsgID.LOCAL_POSITION,1520230598.4883971,19.9332123,10.3798332,-0.7757345
MsgID.LOCAL_VELOCITY,1520230598.4883971,-0.7690554,1.3626260,-1.9865878
MsgID.GLOBAL_POSITION,1520230598.7072582,-121.9938124,37.4139257,1.3480000
MsgID.LOCAL_VELOCITY,1520230598.7072582,-0.4600000,2.8600000,-2.9300000
MsgID.LOCAL_POSITION,1520230598.7275231,19.9763508,10.9567661,-1.4475338
MsgID.LOCAL_VELOCITY,1520230598.7275231,-0.4507526,3.1269190,-3.0467839
MsgID.STATE,1520230598.8716640,True,True
MsgID.GLOBAL_HOME,1520230598.8720870,-121.9939346,37.4137458,0.0000000
MsgID.GLOBAL_POSITION,1520230598.9552379,-121.9938011,37.4139232,2.2150000
MsgID.LOCAL_VELOCITY,1520230598.9552379,-0.3400000,4.5800000,-3.5400000
MsgID.LOCAL_POSITION,1520230598.9814148,19.6929455,11.8991499,-2.2397602
MsgID.LOCAL_VELOCITY,1520230598.9814148,-0.3400388,4.6136045,-3.5494866
MsgID.GLOBAL_POSITION,1520230599.2059200,-121.9937877,37.4139214,3.0220000
MsgID.LOCAL_VELOCITY,1520230599.2059200,-0.2000000,5.1600000,-2.9900000
MsgID.LOCAL_POSITION,1520230599.2274728,19.4989185,13.2403564,-3.1136754
MsgID.LOCAL_VELOCITY,1520230599.2274728,-0.1997304,5.1004539,-2.6585143
MsgID.GLOBAL_POSITION,1520230599.4569631,-121.9937718,37.4139222,3.4310000
MsgID.LOCAL_VELOCITY,1520230599.4569631,-0.1600000,4.6300000,-0.3900000
MsgID.LOCAL_POSITION,1520230599.4912350,19.6003819,14.5085268,-3.4343319
MsgID.LOCAL_VELOCITY,1520230599.4912350,-0.1580449,4.6293736,-0.3274722
MsgID.GLOBAL_POSITION,1520230599.7170451,-121.9937616,37.4139229,3.3520000
MsgID.LOCAL_VELOCITY,1520230599.7170451,-0.0500000,4.6800000,0.7600000
MsgID.LOCAL_POSITION,1520230599.7229629,19.6782379,15.4986153,-3.3222446
MsgID.LOCAL_VELOCITY,1520230599.7229629,-0.0374197,4.7251353,0.8672358
MsgID.STATE,1520230599.8671420,True,True
MsgID.GLOBAL_HOME,1520230599.8674970,-121.9939346,37.4137458,0.0000000
MsgID.GLOBAL_POSITION,1520230599.9562271,-121.9937471,37.4139227,3.0280000
MsgID.LOCAL_VELOCITY,1520230599.9562271,0.0900000,5.1000000,1.2500000
MsgID.LOCAL_POSITION,1520230599.9769511,19.6469612,16.7388973,-3.0135953
MsgID.LOCAL_VELOCITY,1520230599.9769511,0.1027433,5.1419535,1.2317767
MsgID.GLOBAL_POSITION,1520230600.2171199,-121.9937306,37.4139229,2.8130000
MsgID.LOCAL_VELOCITY,1520230600.2171199,0.3900000,5.6200000,0.3200000
MsgID.LOCAL_POSITION,1520230600.2330749,19.6858692,18.3060951,-2.8028452
MsgID.LOCAL_VELOCITY,1520230600.2330749,0.4452870,5.5619445,0.1694859
MsgID.GLOBAL_POSITION,1520230600.4607549,-121.9937174,37.4139242,2.8560000
MsgID.LOCAL_VELOCITY,1520230600.4607549,0.5800000,4.1100000,-0.6100000
MsgID.LOCAL_POSITION,1520230600.4899390,19.8305340,19.3574734,-2.8649528
MsgID.LOCAL_VELOCITY,1520230600.4899390,0.5834126,3.9902964,-0.6363285
MsgID.GLOBAL_POSITION,1520230600.7125251,-121.9937095,37.4139263,2.9870000
MsgID.LOCAL_VELOCITY,1520230600.7125251,0.4400000,2.3900000,-0.5100000
MsgID.LOCAL_POSITION,1520230600.7282100,20.0774002,20.0850525,-3.0017779
MsgID.LOCAL_VELOCITY,1520230600.7282100,0.4150548,2.1966681,-0.4639834
MsgID.STATE,1520230600.8734419,True,True
MsgID.GLOBAL_HOME,1520230600.8737421,-121.9939346,37.4137458,0.0000000
MsgID.GLOBAL_POSITION,1520230600.9568629,-121.9937043,37.4139262,3.0290000
MsgID.LOCAL_VELOCITY,1520230600.9568629,0.0000000,1.2300000,0.0200000
MsgID.LOCAL_POSITION,1520230600.9789581,20.0347404,20.4810104,-3.0287964
MsgID.LOCAL_VELOCITY,1520230600.9789581,-0.0306120,1.2088934,0.0327993
MsgID.GLOBAL_POSITION,1520230601.2125068,-121.9937012,37.4139237,2.9900000
MsgID.LOCAL_VELOCITY,1520230601.2125068,-1.0400000,0.9000000,0.1500000
MsgID.LOCAL_POSITION,1520230601.2383800,19.7158012,20.7839584,-2.9836836
MsgID.LOCAL_VELOCITY,1520230601.2383800,-1.2088760,0.8776793,0.1548140
MsgID.GLOBAL_POSITION,1520230601.4559202,-121.9936985,37.4139194,2.9470000
MsgID.LOCAL_VELOCITY,1520230601.4559202,-2.3500000,0.6500000,0.0100000
MsgID.LOCAL_POSITION,1520230601.4836709,19.2518997,20.9904747,-2.9469919
MsgID.LOCAL_VELOCITY,1520230601.4836709,-2.4217286,0.6339913,0.0074957
MsgID.GLOBAL_POSITION,1520230601.7108438,-121.9936983,37.4139141,2.9530000
MsgID.LOCAL_VELOCITY,1520230601.7108438,-3.3100000,0.3800000,-0.0800000
MsgID.LOCAL_POSITION,1520230601.7288299,18.6141758,21.0002327,-2.9548204
MsgID.LOCAL_VELOCITY,1520230601.7288299,-3.4339907,0.3552410,-0.0874472
MsgID.STATE,1520230601.8681040,True,True
MsgID.GLOBAL_HOME,1520230601.8685791,-121.9939346,37.4137458,0.0000000
MsgID.GLOBAL_POSITION,1520230601.9570539,-121.9936969,37.4139065,2.9700000
MsgID.LOCAL_VELOCITY,1520230601.9570539,-4.2200000,0.1300000,-0.1000000
MsgID.LOCAL_POSITION,1520230601.9842072,17.7100906,21.1682224,-2.9739227
MsgID.LOCAL_VELOCITY,1520230601.9842072,-4.3332133,0.1098429,-0.1138002
MsgID.GLOBAL_POSITION,1520230602.2125299,-121.9936947,37.4138959,2.9850000
MsgID.LOCAL_VELOCITY,1520230602.2125299,-4.8600000,-0.0300000,0.0000000
MsgID.LOCAL_POSITION,1520230602.2339220,16.4916687,21.3230286,-2.9856210
MsgID.LOCAL_VELOCITY,1520230602.2339220,-4.9527669,-0.0624080,0.0216187
MsgID.GLOBAL_POSITION,1520230602.4610481,-121.9936962,37.4138830,2.9860000
MsgID.LOCAL_VELOCITY,1520230602.4610481,-5.5600000,-0.2200000,0.0200000
MsgID.LOCAL_POSITION,1520230602.4785731,15.1787186,21.1824818,-2.9861743
MsgID.LOCAL_VELOCITY,1520230602.4785731,-5.5927382,-0.2353061,0.0305374
MsgID.GLOBAL_POSITION,1520230602.7077172,-121.9936988,37.4138713,2.9840000
MsgID.LOCAL_VELOCITY,1520230602.7077172,-6.0900000,-0.3600000,0.0600000
MsgID.LOCAL_POSITION,1520230602.7281680,13.7469864,20.9212246,-2.9833195
MsgID.LOCAL_VELOCITY,1520230602.7281680,-6.1587620,-0.3769871,0.0710500
MsgID.STATE,1520230602.8831120,True,True
MsgID.GLOBAL_HOME,1520230602.8834000,-121.9939346,37.4137458,0.0000000
MsgID.GLOBAL_POSITION,1520230602.9631550,-121.9937005,37.4138562,2.9810000
MsgID.LOCAL_VELOCITY,1520230602.9631550,-6.6700000,-0.4500000,0.0200000
MsgID.LOCAL_POSITION,1520230602.9787278,12.0988770,20.8081322,-2.9811971
MsgID.LOCAL_VELOCITY,1520230602.9787278,-6.7230096,-0.4537006,0.0318220
MsgID.GLOBAL_POSITION,1520230603.2145479,-121.9937005,37.4138428,2.9770000
MsgID.LOCAL_VELOCITY,1520230603.2145479,-7.1000000,-0.4700000,0.0300000
MsgID.LOCAL_POSITION,1520230603.2297962,10.5372705,20.8010540,-2.9758496
MsgID.LOCAL_VELOCITY,1520230603.2297962,-7.1625719,-0.4774911,0.0441555
MsgID.GLOBAL_POSITION,1520230603.4574049,-121.9937010,37.4138239,2.9700000
MsgID.LOCAL_VELOCITY,1520230603.4574049,-7.5600000,-0.5400000,0.0000000
MsgID.LOCAL_POSITION,1520230603.4782341,8.5301752,20.7517548,-2.9696453
MsgID.LOCAL_VELOCITY,1520230603.4782341,-7.5830250,-0.5466409,0.0086067
MsgID.GLOBAL_POSITION,1520230603.7081091,-121.9937040,37.4138065,2.9510000
MsgID.LOCAL_VELOCITY,1520230603.7081091,-7.8700000,-0.6400000,-0.0200000
MsgID.LOCAL_POSITION,1520230603.7351170,6.5015693,20.4552841,-2.9494028
MsgID.LOCAL_VELOCITY,1520230603.7351170,-7.9163718,-0.6540922,-0.0449813
MsgID.STATE,1520230603.8680131,True,True
MsgID.GLOBAL_HOME,1520230603.8683050,-121.9939346,37.4137458,0.0000000
MsgID.GLOBAL_POSITION,1520230603.9568582,-121.9937068,37.4137885,2.9450000
MsgID.LOCAL_VELOCITY,1520230603.9568582,-8.0600000,-0.6600000,-0.1100000
MsgID.LOCAL_POSITION,1520230603.9777470,4.6261721,20.2410603,-2.9450681
MsgID.LOCAL_VELOCITY,1520230603.9777470,-8.0705414,-0.6557366,-0.1248012
MsgID.GLOBAL_POSITION,1520230604.2065458,-121.9937080,37.4137713,2.9560000
MsgID.LOCAL_VELOCITY,1520230604.2065458,-7.8300000,-0.5300000,-0.2100000
MsgID.LOCAL_POSITION,1520230604.2280140,2.6364033,20.1422462,-2.9580860
MsgID.LOCAL_VELOCITY,1520230604.2280140,-7.7464514,-0.5133708,-0.2262489
MsgID.GLOBAL_POSITION,1520230604.4582131,-121.9937067,37.4137550,2.9680000
MsgID.LOCAL_VELOCITY,1520230604.4582131,-6.2300000,-0.3700000,-0.1100000
MsgID.LOCAL_POSITION,1520230604.4790258,0.8983824,20.2570992,-2.9685798
MsgID.LOCAL_VELOCITY,1520230604.4790258,-6.0538630,-0.3657119,-0.1173409
MsgID.GLOBAL_POSITION,1520230604.7065599,-121.9937088,37.4137437,2.9690000
MsgID.LOCAL_VELOCITY,1520230604.7065599,-4.2100000,-0.3100000,-0.1200000
MsgID.LOCAL_POSITION,1520230604.7302191,-0.3745467,20.0144272,-2.9704137
MsgID.LOCAL_VELOCITY,1520230604.7302191,-3.9438460,-0.3088119,-0.1406803
MsgID.STATE,1520230604.8720610,True,True
MsgID.GLOBAL_HOME,1520230604.8827672,-121.9939346,37.4137458,0.0000000
MsgID.GLOBAL_POSITION,1520230604.9678640,-121.9937111,37.4137350,2.8840000
MsgID.LOCAL_VELOCITY,1520230604.9678640,-2.9200000,-0.3800000,0.7800000
MsgID.LOCAL_POSITION,1520230604.9798970,-1.2471886,19.8688526,-2.8708348
MsgID.LOCAL_VELOCITY,1520230604.9798970,-2.8709817,-0.4131514,0.8442399
MsgID.GLOBAL_POSITION,1520230605.2189109,-121.9937113,37.4137305,2.6190000
MsgID.LOCAL_VELOCITY,1520230605.2189109,-2.2900000,-1.0500000,1.3100000
MsgID.LOCAL_POSITION,1520230605.2294221,-1.7552892,19.8163662,-2.5777993
MsgID.LOCAL_VELOCITY,1520230605.2294221,-2.2139878,-1.1717386,1.3601890
MsgID.GLOBAL_POSITION,1520230605.4644589,-121.9937170,37.4137262,2.2300000
MsgID.LOCAL_VELOCITY,1520230605.4644589,-1.6400000,-1.9400000,1.6500000
MsgID.LOCAL_POSITION,1520230605.4902101,-2.2298687,19.2943916,-2.2011347
MsgID.LOCAL_VELOCITY,1520230605.4902101,-1.5936621,-2.0109742,1.6615000
MsgID.GLOBAL_POSITION,1520230605.7138140,-121.9937231,37.4137212,1.8550000
MsgID.LOCAL_VELOCITY,1520230605.7138140,-1.0100000,-2.6800000,1.7400000
MsgID.LOCAL_POSITION,1520230605.7289641,-2.7650876,18.7405968,-1.8113409
MsgID.LOCAL_VELOCITY,1520230605.7289641,-0.9484931,-2.7469137,1.7796841
MsgID.STATE,1520230605.8677449,True,True
MsgID.GLOBAL_HOME,1520230605.8679440,-121.9939346,37.4137458,0.0000000
MsgID.GLOBAL_POSITION,1520230605.9571469,-121.9937316,37.4137211,1.4400000
MsgID.LOCAL_VELOCITY,1520230605.9571469,-0.3400000,-3.3600000,1.7900000
MsgID.LOCAL_POSITION,1520230605.9923849,-2.7372515,17.9748344,-1.4145441
MsgID.LOCAL_VELOCITY,1520230605.9923849,-0.3061528,-3.4074638,1.7994972
MsgID.GLOBAL_POSITION,1520230606.2083352,-121.9937425,37.4137218,1.0580000
MsgID.LOCAL_VELOCITY,1520230606.2083352,0.1900000,-3.8900000,1.8600000
MsgID.LOCAL_POSITION,1520230606.2298329,-2.6696208,16.9556160,-1.0090052
MsgID.LOCAL_VELOCITY,1520230606.2298329,0.2606728,-3.9651761,1.8551509
MsgID.GLOBAL_POSITION,1520230606.4631209,-121.9937534,37.4137217,0.6180000
MsgID.LOCAL_VELOCITY,1520230606.4631209,0.7400000,-4.4300000,1.8700000
MsgID.LOCAL_POSITION,1520230606.4797671,-2.6752927,16.0370216,-0.5919935
MsgID.LOCAL_VELOCITY,1520230606.4797671,0.7861782,-4.4834228,1.8466591
MsgID.GLOBAL_POSITION,1520230606.7140610,-121.9937652,37.4137223,0.4510000
MsgID.LOCAL_VELOCITY,1520230606.7140610,1.0800000,-4.6300000,0.1000000
MsgID.LOCAL_POSITION,1520230606.7289331,-2.5842109,14.9096889,-0.4526951
MsgID.LOCAL_VELOCITY,1520230606.7289331,1.1417606,-4.6798215,0.1044035
MsgID.STATE,1520230606.8737221,True,True
MsgID.GLOBAL_HOME,1520230606.8791780,-121.9939346,37.4137458,0.0000000
MsgID.GLOBAL_POSITION,1520230606.9577410,-121.9937793,37.4137261,0.4910000
MsgID.LOCAL_VELOCITY,1520230606.9577410,1.6600000,-4.8900000,-0.0700000
MsgID.LOCAL_POSITION,1520230606.9925749,-2.1137445,13.6480789,-0.4951804
MsgID.LOCAL_VELOCITY,1520230606.9925749,1.7515228,-4.9491644,-0.0841927
MsgID.GLOBAL_POSITION,1520230607.2078750,-121.9937926,37.4137311,0.4990000
MsgID.LOCAL_VELOCITY,1520230607.2078750,2.2200000,-5.1300000,0.0600000
MsgID.LOCAL_POSITION,1520230607.2297020,-1.5724139,12.4405785,-0.4965767
MsgID.LOCAL_VELOCITY,1520230607.2297020,2.3041501,-5.1536841,0.0485372
MsgID.GLOBAL_POSITION,1520230607.4633501,-121.9938095,37.4137358,0.4610000
MsgID.LOCAL_VELOCITY,1520230607.4633501,2.5800000,-4.7100000,0.0300000
MsgID.LOCAL_POSITION,1520230607.4808500,-1.0792985,11.0307236,-0.4593805
MsgID.LOCAL_VELOCITY,1520230607.4808500,2.5754426,-4.6220441,0.0083330
MsgID.GLOBAL_POSITION,1520230607.7129269,-121.9938187,37.4137412,0.4300000
MsgID.LOCAL_VELOCITY,1520230607.7129269,2.2000000,-3.2400000,-0.0500000
MsgID.LOCAL_POSITION,1520230607.7361259,-0.4256012,10.2394209,-0.4274626
MsgID.LOCAL_VELOCITY,1520230607.7361259,2.1266642,-3.0140352,-0.0923364
MsgID.STATE,1520230607.8690009,True,True
MsgID.GLOBAL_HOME,1520230607.8692322,-121.9939346,37.4137458,0.0000000
MsgID.GLOBAL_POSITION,1520230607.9574950,-121.9938240,37.4137468,0.6340000
MsgID.LOCAL_VELOCITY,1520230607.9574950,1.1200000,-1.6300000,-2.0200000
MsgID.LOCAL_POSITION,1520230607.9862778,0.1369752,9.7877817,-0.6747826
MsgID.LOCAL_VELOCITY,1520230607.9862778,1.0675060,-1.6991262,-2.1441040
MsgID.GLOBAL_POSITION,1520230608.2094491,-121.9938310,37.4137491,1.1980000
MsgID.LOCAL_VELOCITY,1520230608.2094491,0.6800000,-3.1700000,-3.0300000
MsgID.LOCAL_POSITION,1520230608.2304451,0.3723150,9.1081553,-1.2843031
MsgID.LOCAL_VELOCITY,1520230608.2304451,0.6528036,-3.4172313,-3.1412106
MsgID.GLOBAL_POSITION,1520230608.4593458,-121.9938432,37.4137485,2.0470000
MsgID.LOCAL_VELOCITY,1520230608.4593458,0.3900000,-4.8500000,-3.6500000
MsgID.LOCAL_POSITION,1520230608.4861870,0.2897508,8.0283394,-2.1159544
MsgID.LOCAL_VELOCITY,1520230608.4861870,0.3721446,-4.9532413,-3.6946850
MsgID.GLOBAL_POSITION,1520230608.7201331,-121.9938575,37.4137493,2.9080000
MsgID.LOCAL_VELOCITY,1520230608.7201331,0.1600000,-5.6400000,-3.5200000
MsgID.LOCAL_POSITION,1520230608.7325430,0.4250253,6.6905265,-3.0001986
MsgID.LOCAL_VELOCITY,1520230608.7325430,0.1538155,-5.6130295,-3.2958102
MsgID.STATE,1520230608.8732119,True,True
MsgID.GLOBAL_HOME,1520230608.8735528,-121.9939346,37.4137458,0.0000000
MsgID.GLOBAL_POSITION,1520230608.9595399,-121.9938733,37.4137514,3.4640000
MsgID.LOCAL_VELOCITY,1520230608.9595399,0.1200000,-5.0700000,-0.9100000
MsgID.LOCAL_POSITION,1520230608.9877441,0.6121756,5.2938132,-3.4872301
MsgID.LOCAL_VELOCITY,1520230608.9877441,0.1146112,-5.0360885,-0.6835847
MsgID.GLOBAL_POSITION,1520230609.2194428,-121.9938867,37.4137502,3.4870000
MsgID.LOCAL_VELOCITY,1520230609.2194428,0.0000000,-4.9800000,0.4800000
MsgID.LOCAL_POSITION,1520230609.2314198,0.4777678,4.1123905,-3.4740138
MsgID.LOCAL_VELOCITY,1520230609.2314198,-0.0255557,-5.0126514,0.5758712
MsgID.GLOBAL_POSITION,1520230609.4600372,-121.9939031,37.4137502,3.2680000
MsgID.LOCAL_VELOCITY,1520230609.4600372,-0.2300000,-5.2200000,1.1900000
MsgID.LOCAL_POSITION,1520230609.4930198,0.4859363,2.6305437,-3.2349896
MsgID.LOCAL_VELOCITY,1520230609.4930198,-0.2628509,-5.2397494,1.2381594
MsgID.GLOBAL_POSITION,1520230609.7141471,-121.9939167,37.4137497,2.9820000
MsgID.LOCAL_VELOCITY,1520230609.7141471,-0.5000000,-4.9800000,1.2200000
MsgID.LOCAL_POSITION,1520230609.7431800,0.4157961,1.4775883,-2.9550645
MsgID.LOCAL_VELOCITY,1520230609.7431800,-0.5385520,-4.8837037,1.1578064
MsgID.STATE,1520230609.8791990,True,True
MsgID.GLOBAL_HOME,1520230609.8858271,-121.9939346,37.4137458,0.0000000
MsgID.GLOBAL_POSITION,1520230609.9597290,-121.9939275,37.4137470,2.8400000
MsgID.LOCAL_VELOCITY,1520230609.9597290,-0.7100000,-3.3200000,0.1300000
MsgID.LOCAL_POSITION,1520230609.9815550,0.0759155,0.5345423,-2.8428144
MsgID.LOCAL_VELOCITY,1520230609.9815550,-0.7020807,-3.0734370,0.0337023
MsgID.GLOBAL_POSITION,1520230610.2200489,-121.9939334,37.4137447,2.9250000
MsgID.LOCAL_VELOCITY,1520230610.2200489,-0.4400000,-1.5800000,-0.4400000
MsgID.LOCAL_POSITION,1520230610.2322528,-0.1298096,0.0720791,-2.9407494
MsgID.LOCAL_VELOCITY,1520230610.2322528,-0.4059392,-1.4231743,-0.4635788
MsgID.GLOBAL_POSITION,1520230610.4613869,-121.9939367,37.4137452,3.0340000
MsgID.LOCAL_VELOCITY,1520230610.4613869,-0.1400000,-0.5700000,-0.1700000
MsgID.LOCAL_POSITION,1520230610.4814470,-0.0637569,-0.2128329,-3.0401068
MsgID.LOCAL_VELOCITY,1520230610.4814470,-0.1259661,-0.5112393,-0.1385043
MsgID.GLOBAL_POSITION,1520230610.7113221,-121.9939386,37.4137455,2.9770000
MsgID.LOCAL_VELOCITY,1520230610.7113221,-0.0600000,-0.3000000,0.7200000
MsgID.LOCAL_POSITION,1520230610.7372220,-0.0368715,-0.3655904,-2.9601672
MsgID.LOCAL_VELOCITY,1520230610.7372220,-0.0612053,-0.2898639,0.7867239
MsgID.STATE,1520230610.8682950,True,True
MsgID.GLOBAL_HOME,1520230610.8747652,-121.9939346,37.4137458,0.0000000
MsgID.GLOBAL_POSITION,1520230610.9721611,-121.9939393,37.4137454,2.6890000
MsgID.LOCAL_VELOCITY,1520230610.9721611,-0.0400000,-0.1700000,1.3400000
MsgID.LOCAL_POSITION,1520230610.9825790,-0.0512423,-0.4258779,-2.6426103
MsgID.LOCAL_VELOCITY,1520230610.9825790,-0.0444642,-0.1575960,1.3692513
MsgID.GLOBAL_POSITION,1520230611.2109020,-121.9939397,37.4137445,2.2940000
MsgID.LOCAL_VELOCITY,1520230611.2109020,-0.0300000,-0.0700000,1.5900000
MsgID.LOCAL_POSITION,1520230611.2417479,-0.1556926,-0.4525551,-2.2620754
MsgID.LOCAL_VELOCITY,1520230611.2417479,-0.0344332,-0.0710117,1.6063707
MsgID.GLOBAL_POSITION,1520230611.4710541,-121.9939398,37.4137440,1.8390000
MsgID.LOCAL_VELOCITY,1520230611.4710541,-0.0100000,-0.0100000,1.7300000
MsgID.LOCAL_POSITION,1520230611.4838169,-0.1837098,-0.4627583,-1.7770927
MsgID.LOCAL_VELOCITY,1520230611.4838169,-0.0165963,-0.0109914,1.7350235
MsgID.GLOBAL_POSITION,1520230611.7173178,-121.9939391,37.4137454,1.3780000
MsgID.LOCAL_VELOCITY,1520230611.7173178,0.0000000,0.0100000,1.7800000
MsgID.LOCAL_POSITION,1520230611.7332721,-0.0418062,-0.3889458,-1.3399589
MsgID.LOCAL_VELOCITY,1520230611.7332721,0.0028898,0.0181953,1.7802275
MsgID.STATE,1520230611.8669472,True,True
MsgID.GLOBAL_HOME,1520230611.8672099,-121.9939346,37.4137458,0.0000000
MsgID.GLOBAL_POSITION,1520230611.9604428,-121.9939381,37.4137453,0.8900000
MsgID.LOCAL_VELOCITY,1520230611.9604428,0.0000000,0.0200000,1.9000000
MsgID.LOCAL_POSITION,1520230611.9887848,-0.0617714,-0.3249744,-0.8251521
MsgID.LOCAL_VELOCITY,1520230611.9887848,-0.0006714,0.0209883,1.9275843
MsgID.GLOBAL_POSITION,1520230612.2154272,-121.9939401,37.4137453,0.4100000
MsgID.LOCAL_VELOCITY,1520230612.2154272,0.0000000,0.0100000,1.9100000
MsgID.LOCAL_POSITION,1520230612.2329190,-0.0495995,-0.5079274,-0.3670377
MsgID.LOCAL_VELOCITY,1520230612.2329190,-0.0023584,0.0132042,1.9030026
MsgID.GLOBAL_POSITION,1520230612.4617879,-121.9939404,37.4137453,-0.0430000
MsgID.LOCAL_VELOCITY,1520230612.4617879,-0.0400000,-0.0800000,0.2500000
MsgID.LOCAL_POSITION,1520230612.4835930,-0.0717443,-0.5041296,0.0331078
MsgID.LOCAL_VELOCITY,1520230612.4835930,0.0002835,-0.0526373,-0.3125403
MsgID.GLOBAL_POSITION,1520230612.7214899,-121.9939395,37.4137440,0.0170000
MsgID.LOCAL_VELOCITY,1520230612.7214899,0.0100000,-0.0600000,-0.0600000
MsgID.LOCAL_POSITION,1520230612.7389610,-0.2127360,-0.4394028,-0.0205367
MsgID.LOCAL_VELOCITY,1520230612.7389610,0.0131017,-0.0660273,-0.0477305
MsgID.STATE,1520230612.8749290,True,True
MsgID.GLOBAL_HOME,1520230612.8752110,-121.9939346,37.4137458,0.0000000
MsgID.GLOBAL_POSITION,1520230612.9668832,-121.9939399,37.4137453,0.0180000
MsgID.LOCAL_VELOCITY,1520230612.9668832,0.0100000,-0.0100000,0.2300000
MsgID.LOCAL_POSITION,1520230612.9845929,-0.0214788,-0.4750207,-0.0159311
MsgID.LOCAL_VELOCITY,1520230612.9845929,0.0183831,-0.0113500,0.2182313
MsgID.GLOBAL_POSITION,1520230613.2135460,-121.9939399,37.4137460,0.0260000
MsgID.LOCAL_VELOCITY,1520230613.2135460,0.0000000,0.0000000,0.0300000
MsgID.LOCAL_POSITION,1520230613.2335758,0.0141055,-0.4773490,-0.0278839
MsgID.LOCAL_VELOCITY,1520230613.2335758,0.0018101,-0.0002558,-0.0108685
MsgID.GLOBAL_POSITION,1520230613.4619529,-121.9939412,37.4137442,0.0510000
MsgID.LOCAL_VELOCITY,1520230613.4619529,0.0000000,0.0000000,0.0000000
MsgID.LOCAL_POSITION,1520230613.4956679,-0.1907853,-0.5973549,-0.0539221
MsgID.LOCAL_VELOCITY,1520230613.4956679,-0.0000050,0.0000010,0.0000077
MsgID.GLOBAL_POSITION,1520230613.7171021,-121.9939404,37.4137451,0.0670000
MsgID.LOCAL_VELOCITY,1520230613.7171021,0.0000000,0.0000000,0.0000000
MsgID.LOCAL_POSITION,1520230613.7335758,-0.0694095,-0.4943094,-0.0687848
MsgID.LOCAL_VELOCITY,1520230613.7335758,-0.0000051,0.0000010,0.0000067
MsgID.STATE,1520230613.8681622,True,True
MsgID.GLOBAL_HOME,1520230613.8684390,-121.9939346,37.4137458,0.0000000
MsgID.GLOBAL_POSITION,1520230613.9610429,-121.9939383,37.4137446,0.0720000
MsgID.LOCAL_VELOCITY,1520230613.9610429,0.0000000,0.0000000,0.0000000
MsgID.LOCAL_POSITION,1520230613.9900422,-0.1571284,-0.3346084,-0.0727763
MsgID.LOCAL_VELOCITY,1520230613.9900422,-0.0000052,0.0000010,0.0000067
MsgID.GLOBAL_POSITION,1520230614.2108271,-121.9939394,37.4137436,0.0670000
MsgID.LOCAL_VELOCITY,1520230614.2108271,0.0000000,0.0000000,0.0000000
MsgID.LOCAL_POSITION,1520230614.2338612,-0.2387096,-0.4448148,-0.0665900
MsgID.LOCAL_VELOCITY,1520230614.2338612,0.0000115,-0.0000000,0.0000175
MsgID.GLOBAL_POSITION,1520230614.4610062,-121.9939415,37.4137445,0.0550000
MsgID.LOCAL_VELOCITY,1520230614.4610062,0.0000000,0.0000000,0.0000000
MsgID.LOCAL_POSITION,1520230614.4836700,-0.1426864,-0.6326003,-0.0535243
MsgID.LOCAL_VELOCITY,1520230614.4836700,-0.0000050,0.0000011,0.0000087
MsgID.GLOBAL_POSITION,1520230614.7123258,-121.9939417,37.4137448,0.0430000
MsgID.LOCAL_VELOCITY,1520230614.7123258,0.0000000,0.0000000,0.0000000
MsgID.LOCAL_POSITION,1520230614.7341189,-0.1191317,-0.6331384,-0.0439481
MsgID.LOCAL_VELOCITY,1520230614.7341189,-0.0000051,0.0000010,0.0000066
MsgID.STATE,1520230614.8672910,True,True
MsgID.GLOBAL_HOME,1520230614.8675580,-121.9939346,37.4137458,0.0000000
MsgID.GLOBAL_POSITION,1520230614.9611940,-121.9939411,37.4137450,0.0410000
MsgID.LOCAL_VELOCITY,1520230614.9611940,0.0000000,0.0000000,0.0000000
MsgID.LOCAL_POSITION,1520230614.9838212,-0.1013720,-0.5692807,-0.0425239
MsgID.LOCAL_VELOCITY,1520230614.9838212,0.0000115,0.0000003,0.0000161
MsgID.GLOBAL_POSITION,1520230615.2115729,-121.9939404,37.4137439,0.0500000
MsgID.LOCAL_VELOCITY,1520230615.2115729,0.0000000,0.0000000,0.0000000
MsgID.LOCAL_POSITION,1520230615.2393501,-0.2125485,-0.5158850,-0.0513073
MsgID.LOCAL_VELOCITY,1520230615.2393501,-0.0000051,0.0000010,0.0000066
MsgID.GLOBAL_POSITION,1520230615.4622478,-121.9939387,37.4137457,0.0660000
MsgID.LOCAL_VELOCITY,1520230615.4622478,0.0000000,0.0000000,0.0000000
MsgID.LOCAL_POSITION,1520230615.4882848,0.0218406,-0.3479263,-0.0694688
MsgID.LOCAL_VELOCITY,1520230615.4882848,0.0000116,-0.0000000,0.0000175
MsgID.GLOBAL_POSITION,1520230615.7127140,-121.9939387,37.4137458,0.0860000
MsgID.LOCAL_VELOCITY,1520230615.7127140,0.0000000,0.0000000,0.0000000
MsgID.LOCAL_POSITION,1520230615.7334669,-0.0184843,-0.3763834,-0.0874054
MsgID.LOCAL_VELOCITY,1520230615.7334669,-0.0000052,0.0000010,0.0000067
MsgID.STATE,1520230615.8669119,True,True
MsgID.GLOBAL_HOME,1520230615.8729029,-121.9939346,37.4137458,0.0000000
MsgID.GLOBAL_POSITION,1520230615.9626701,-121.9939399,37.4137441,0.1010000
MsgID.LOCAL_VELOCITY,1520230615.9626701,0.0000000,0.0000000,0.0000000
MsgID.LOCAL_POSITION,1520230615.9958668,-0.1840656,-0.4744412,-0.1031901
MsgID.LOCAL_VELOCITY,1520230615.9958668,-0.0000051,0.0000009,0.0000066
MsgID.GLOBAL_POSITION,1520230616.2197161,-121.9939399,37.4137461,0.1080000
MsgID.LOCAL_VELOCITY,1520230616.2197161,0.0000000,0.0000000,0.0000000
MsgID.LOCAL_POSITION,1520230616.2436841,0.0445610,-0.4738720,-0.1081680
MsgID.LOCAL_VELOCITY,1520230616.2436841,0.0000115,-0.0000000,0.0000175
MsgID.GLOBAL_POSITION,1520230616.4642088,-121.9939388,37.4137461,0.1020000
MsgID.LOCAL_VELOCITY,1520230616.4642088,0.0000000,0.0000000,0.0000000
MsgID.LOCAL_POSITION,1520230616.4850419,0.0081683,-0.3572706,-0.1006855
MsgID.LOCAL_VELOCITY,1520230616.4850419,-0.0000052,0.0000010,0.0000067
MsgID.GLOBAL_POSITION,1520230616.7191579,-121.9939386,37.4137453,0.0840000
MsgID.LOCAL_VELOCITY,1520230616.7191579,0.0000000,0.0000000,0.0000000
MsgID.LOCAL_POSITION,1520230616.7402639,-0.0530661,-0.3671840,-0.0827625
MsgID.LOCAL_VELOCITY,1520230616.7402639,0.0000109,0.0000002,0.0000158
MsgID.STATE,1520230616.8684471,True,True
MsgID.GLOBAL_HOME,1520230616.8687739,-121.9939346,37.4137458,0.0000000
MsgID.GLOBAL_POSITION,1520230616.9626980,-121.9939402,37.4137455,0.0560000
MsgID.LOCAL_VELOCITY,1520230616.9626980,0.0000000,0.0000000,0.0000000
MsgID.LOCAL_POSITION,1520230616.9906209,-0.0459842,-0.4982416,-0.0517857
MsgID.LOCAL_VELOCITY,1520230616.9906209,-0.0000051,0.0000010,0.0000065
MsgID.GLOBAL_POSITION,1520230617.2139931,-121.9939395,37.4137453,0.0200000
MsgID.LOCAL_VELOCITY,1520230617.2139931,0.0000000,0.0000000,0.0000000
MsgID.LOCAL_POSITION,1520230617.2347589,-0.0639121,-0.4349118,-0.0197593
MsgID.LOCAL_VELOCITY,1520230617.2347589,0.0000116,-0.0000001,0.0000176
MsgID.GLOBAL_POSITION,1520230617.4635091,-121.9939400,37.4137453,-0.0120000
MsgID.LOCAL_VELOCITY,1520230617.4635091,0.0000000,0.0000000,0.0000000
MsgID.LOCAL_POSITION,1520230617.4885180,-0.0631102,-0.4657799,0.0165137
MsgID.LOCAL_VELOCITY,1520230617.4885180,0.0000618,0.0009646,-0.0053224
MsgID.GLOBAL_POSITION,1520230617.7144520,-121.9939381,37.4137453,-0.0410000
MsgID.LOCAL_VELOCITY,1520230617.7144520,0.0000000,0.0000000,0.0000000
MsgID.LOCAL_POSITION,1520230617.7391889,-0.0544890,-0.3039265,0.0425673
MsgID.LOCAL_VELOCITY,1520230617.7391889,0.0001902,-0.0000248,-0.0149187
MsgID.STATE,1520230617.8735781,True,True
MsgID.GLOBAL_HOME,1520230617.8798289,-121.9939346,37.4137458,0.0000000
MsgID.GLOBAL_POSITION,1520230617.9686122,-121.9939383,37.4137463,-0.0600000
MsgID.LOCAL_VELOCITY,1520230617.9686122,0.0000000,0.0000000,0.0100000
MsgID.LOCAL_POSITION,1520230617.9833930,0.0673654,-0.3437664,0.0621301
MsgID.LOCAL_VELOCITY,1520230617.9833930,0.0008557,0.0016862,-0.0008824
MsgID.GLOBAL_POSITION,1520230618.2193751,-121.9939383,37.4137454,-0.0600000
MsgID.LOCAL_VELOCITY,1520230618.2193751,0.0000000,0.0000000,-0.0200000
MsgID.LOCAL_POSITION,1520230618.2398260,-0.0540815,-0.3351258,0.0598491
MsgID.LOCAL_VELOCITY,1520230618.2398260,-0.0013760,0.0071930,-0.0186256
MsgID.GLOBAL_POSITION,1520230618.4702830,-121.9939401,37.4137441,-0.0340000
MsgID.LOCAL_VELOCITY,1520230618.4702830,0.0000000,0.0100000,-0.0600000
MsgID.LOCAL_POSITION,1520230618.4856110,-0.1773264,-0.5224870,0.0287077
MsgID.LOCAL_VELOCITY,1520230618.4856110,0.0042388,0.0200828,-0.0531856
MsgID.GLOBAL_POSITION,1520230618.7146561,-121.9939411,37.4137454,-0.0130000
MsgID.LOCAL_VELOCITY,1520230618.7146561,-0.0100000,0.0000000,0.0900000
MsgID.LOCAL_POSITION,1520230618.7393370,-0.0495219,-0.5764105,0.0132421
MsgID.LOCAL_VELOCITY,1520230618.7393370,-0.0113716,-0.0039770,0.0887364
MsgID.STATE,1520230618.8725319,True,True
MsgID.GLOBAL_HOME,1520230618.8782289,-121.9939346,37.4137458,0.0000000
MsgID.GLOBAL_POSITION,1520230618.9642930,-121.9939398,37.4137442,0.0320000
MsgID.LOCAL_VELOCITY,1520230618.9642930,0.0000000,0.0000000,0.0000000
MsgID.LOCAL_POSITION,1520230618.9833980,-0.1977831,-0.4652107,-0.0400372
MsgID.LOCAL_VELOCITY,1520230618.9833980,-0.0000006,-0.0000006,0.0000007
MsgID.GLOBAL_POSITION,1520230619.2262089,-121.9939398,37.4137446,0.0910000
MsgID.LOCAL_VELOCITY,1520230619.2262089,0.0000000,0.0000000,0.0000000
MsgID.LOCAL_POSITION,1520230619.2397940,-0.1277012,-0.4646002,-0.0944368
MsgID.LOCAL_VELOCITY,1520230619.2397940,-0.0000007,0.0000009,0.0000013
MsgID.GLOBAL_POSITION,1520230619.4692328,-121.9939402,37.4137461,0.1450000
MsgID.LOCAL_VELOCITY,1520230619.4692328,0.0000000,0.0000000,0.0000000
MsgID.LOCAL_POSITION,1520230619.4840450,0.0315354,-0.5088380,-0.1517039
MsgID.LOCAL_VELOCITY,1520230619.4840450,-0.0000008,0.0000009,0.0000013
MsgID.GLOBAL_POSITION,1520230619.7260449,-121.9939400,37.4137446,0.1870000
MsgID.LOCAL_VELOCITY,1520230619.7260449,0.0000000,0.0000000,0.0000000
MsgID.LOCAL_POSITION,1520230619.7400320,-0.1447107,-0.4790978,-0.1886588
MsgID.LOCAL_VELOCITY,1520230619.7400320,-0.0000008,0.0000009,0.0000013
MsgID.STATE,1520230619.8722100,True,True
MsgID.GLOBAL_HOME,1520230619.8725491,-121.9939346,37.4137458,0.0000000
MsgID.GLOBAL_POSITION,1520230619.9711480,-121.9939395,37.4137441,0.2070000
MsgID.LOCAL_VELOCITY,1520230619.9711480,0.0000000,0.0000000,0.0000000
MsgID.LOCAL_POSITION,1520230619.9848671,-0.1694943,-0.4563735,-0.2083667
MsgID.LOCAL_VELOCITY,1520230619.9848671,0.0000108,0.0000002,0.0000160
MsgID.GLOBAL_POSITION,1520230620.2144530,-121.9939414,37.4137455,0.2040000
MsgID.LOCAL_VELOCITY,1520230620.2144530,0.0000000,0.0000000,0.0000000
MsgID.LOCAL_POSITION,1520230620.2352262,-0.0308114,-0.6068854,-0.2041460
MsgID.LOCAL_VELOCITY,1520230620.2352262,-0.0000007,-0.0000007,0.0000005
MsgID.GLOBAL_POSITION,1520230620.4695370,-121.9939397,37.4137454,0.1820000
MsgID.LOCAL_VELOCITY,1520230620.4695370,0.0000000,0.0000000,0.0000000
MsgID.LOCAL_POSITION,1520230620.4854290,-0.0562417,-0.4179203,-0.1786058
MsgID.LOCAL_VELOCITY,1520230620.4854290,-0.0000007,-0.0000007,0.0000005
MsgID.GLOBAL_POSITION,1520230620.7201941,-121.9939390,37.4137453,0.1420000
MsgID.LOCAL_VELOCITY,1520230620.7201941,0.0000000,0.0000000,0.0000000
MsgID.LOCAL_POSITION,1520230620.7350690,-0.0614351,-0.3986212,-0.1424685
MsgID.LOCAL_VELOCITY,1520230620.7350690,-0.0000007,-0.0000007,0.0000006
MsgID.STATE,1520230620.8804700,True,True
MsgID.GLOBAL_HOME,1520230620.8859899,-121.9939346,37.4137458,0.0000000
MsgID.GLOBAL_POSITION,1520230620.9707949,-121.9939413,37.4137455,0.0990000
MsgID.LOCAL_VELOCITY,1520230620.9707949,0.0000000,0.0000000,0.0000000
MsgID.LOCAL_POSITION,1520230620.9858789,-0.0186266,-0.6036362,-0.0934198
MsgID.LOCAL_VELOCITY,1520230620.9858789,-0.0000006,-0.0000008,0.0000005
MsgID.GLOBAL_POSITION,1520230621.2142661,-121.9939405,37.4137466,0.0500000
MsgID.LOCAL_VELOCITY,1520230621.2142661,0.0000000,0.0000000,0.0000000
MsgID.LOCAL_POSITION,1520230621.2349901,0.0910624,-0.5239151,-0.0491767
MsgID.LOCAL_VELOCITY,1520230621.2349901,-0.0000007,0.0000009,0.0000013
MsgID.GLOBAL_POSITION,1520230621.4753010,-121.9939387,37.4137456,0.0080000
MsgID.LOCAL_VELOCITY,1520230621.4753010,0.0000000,0.0000000,0.0000000
MsgID.LOCAL_POSITION,1520230621.4853811,-0.0460230,-0.3443666,-0.0033438
MsgID.LOCAL_VELOCITY,1520230621.4853811,0.0000106,-0.0000002,0.0000170
MsgID.GLOBAL_POSITION,1520230621.7267010,-121.9939393,37.4137453,-0.0250000
MsgID.LOCAL_VELOCITY,1520230621.7267010,0.0000000,0.0000000,0.0000000
MsgID.LOCAL_POSITION,1520230621.7405961,-0.0523547,-0.4329042,0.0270478
MsgID.LOCAL_VELOCITY,1520230621.7405961,-0.0000008,0.0000009,0.0000013
